0 0 0 0.00918165946511
0 0 1 0.0282188994574
0 0 2 0.0472561394496
0 0 3 0.0662933794419
0 0 4 0.0853306194341
0 0 5 0.104367859426
0 0 6 0.123405099419
0 0 7 0.142442339411
0 0 8 0.161479579403
0 0 9 0.180516819395
0 0 10 0.199554059388
0 0 11 0.21859129938
0 0 12 0.237628539372
0 0 13 0.256665779364
0 0 14 0.275703019357
0 0 15 0.294740259349
0 0 16 0.313777499341
0 0 17 0.332814739333
0 0 18 0.351851979326
0 0 19 0.370889219318
0 1 0 -0.0140357279074
0 1 1 0.00500151208484
0 1 2 0.0240387520771
0 1 3 0.0430759920693
0 1 4 0.0621132320616
0 1 5 0.0811504720539
0 1 6 0.100187712046
0 1 7 0.119224952038
0 1 8 0.138262192031
0 1 9 0.157299432023
0 1 10 0.176336672015
0 1 11 0.195373912007
0 1 12 0.214411152
0 1 13 0.233448391992
0 1 14 0.252485631984
0 1 15 0.271522871976
0 1 16 0.290560111969
0 1 17 0.309597351961
0 1 18 0.328634591953
0 1 19 0.347671831945
0 2 0 -0.0372531152799
0 2 1 -0.0182158752877
0 2 2 0.000821364704569
0 2 3 0.0198586046968
0 2 4 0.0388958446891
0 2 5 0.0579330846813
0 2 6 0.0769703246736
0 2 7 0.0960075646658
0 2 8 0.115044804658
0 2 9 0.13408204465
0 2 10 0.153119284643
0 2 11 0.172156524635
0 2 12 0.191193764627
0 2 13 0.210231004619
0 2 14 0.229268244612
0 2 15 0.248305484604
0 2 16 0.267342724596
0 2 17 0.286379964588
0 2 18 0.305417204581
0 2 19 0.324454444573
0 3 0 -0.0604705026525
0 3 1 -0.0414332626602
0 3 2 -0.022396022668
0 3 3 -0.0033587826757
0 3 4 0.0156784573166
0 3 5 0.0347156973088
0 3 6 0.0537529373011
0 3 7 0.0727901772933
0 3 8 0.0918274172856
0 3 9 0.110864657278
0 3 10 0.12990189727
0 3 11 0.148939137262
0 3 12 0.167976377255
0 3 13 0.187013617247
0 3 14 0.206050857239
0 3 15 0.225088097231
0 3 16 0.244125337224
0 3 17 0.263162577216
0 3 18 0.282199817208
0 3 19 0.3012370572
0 4 0 -0.083687890025
0 4 1 -0.0646506500327
0 4 2 -0.0456134100405
0 4 3 -0.0265761700482
0 4 4 -0.00753893005597
0 4 5 0.0114983099363
0 4 6 0.0305355499285
0 4 7 0.0495727899208
0 4 8 0.068610029913
0 4 9 0.0876472699053
0 4 10 0.106684509898
0 4 11 0.12572174989
0 4 12 0.144758989882
0 4 13 0.163796229874
0 4 14 0.182833469867
0 4 15 0.201870709859
0 4 16 0.220907949851
0 4 17 0.239945189843
0 4 18 0.258982429836
0 4 19 0.278019669828
0 5 0 -0.106905277398
0 5 1 -0.0878680374053
0 5 2 -0.068830797413
0 5 3 -0.0497935574207
0 5 4 -0.0307563174285
0 5 5 -0.0117190774362
0 5 6 0.00731816255602
0 5 7 0.0263554025483
0 5 8 0.0453926425405
0 5 9 0.0644298825328
0 5 10 0.083467122525
0 5 11 0.102504362517
0 5 12 0.12154160251
0 5 13 0.140578842502
0 5 14 0.159616082494
0 5 15 0.178653322486
0 5 16 0.197690562479
0 5 17 0.216727802471
0 5 18 0.235765042463
0 5 19 0.254802282455
0 6 0 -0.13012266477
0 6 1 -0.111085424778
0 6 2 -0.0920481847855
0 6 3 -0.0730109447933
0 6 4 -0.053973704801
0 6 5 -0.0349364648088
0 6 6 -0.0158992248165
0 6 7 0.00313801517575
0 6 8 0.022175255168
0 6 9 0.0412124951603
0 6 10 0.0602497351525
0 6 11 0.0792869751448
0 6 12 0.098324215137
0 6 13 0.117361455129
0 6 14 0.136398695122
0 6 15 0.155435935114
0 6 16 0.174473175106
0 6 17 0.193510415098
0 6 18 0.212547655091
0 6 19 0.231584895083
0 7 0 -0.153340052143
0 7 1 -0.13430281215
0 7 2 -0.115265572158
0 7 3 -0.0962283321658
0 7 4 -0.0771910921735
0 7 5 -0.0581538521813
0 7 6 -0.039116612189
0 7 7 -0.0200793721968
0 7 8 -0.00104213220452
0 7 9 0.0179951077877
0 7 10 0.03703234778
0 7 11 0.0560695877722
0 7 12 0.0751068277645
0 7 13 0.0941440677568
0 7 14 0.113181307749
0 7 15 0.132218547741
0 7 16 0.151255787734
0 7 17 0.170293027726
0 7 18 0.189330267718
0 7 19 0.20836750771
0 8 0 -0.176557439515
0 8 1 -0.157520199523
0 8 2 -0.138482959531
0 8 3 -0.119445719538
0 8 4 -0.100408479546
0 8 5 -0.0813712395538
0 8 6 -0.0623339995616
0 8 7 -0.0432967595693
0 8 8 -0.024259519577
0 8 9 -0.00522227958479
0 8 10 0.0138149604075
0 8 11 0.0328522003997
0 8 12 0.051889440392
0 8 13 0.0709266803842
0 8 14 0.0899639203765
0 8 15 0.109001160369
0 8 16 0.128038400361
0 8 17 0.147075640353
0 8 18 0.166112880346
0 8 19 0.185150120338
0 9 0 -0.199774826888
0 9 1 -0.180737586895
0 9 2 -0.161700346903
0 9 3 -0.142663106911
0 9 4 -0.123625866919
0 9 5 -0.104588626926
0 9 6 -0.0855513869341
0 9 7 -0.0665141469418
0 9 8 -0.0474769069496
0 9 9 -0.0284396669573
0 9 10 -0.00940242696506
0 9 11 0.00963481302719
0 9 12 0.0286720530194
0 9 13 0.0477092930117
0 9 14 0.066746533004
0 9 15 0.0857837729962
0 9 16 0.104821012988
0 9 17 0.123858252981
0 9 18 0.142895492973
0 9 19 0.161932732965
0 10 0 -0.22299221426
0 10 1 -0.203954974268
0 10 2 -0.184917734276
0 10 3 -0.165880494283
0 10 4 -0.146843254291
0 10 5 -0.127806014299
0 10 6 -0.108768774307
0 10 7 -0.0897315343143
0 10 8 -0.0706942943221
0 10 9 -0.0516570543298
0 10 10 -0.0326198143376
0 10 11 -0.0135825743453
0 10 12 0.00545466564693
0 10 13 0.0244919056392
0 10 14 0.0435291456314
0 10 15 0.0625663856237
0 10 16 0.0816036256159
0 10 17 0.100640865608
0 10 18 0.1196781056
0 10 19 0.138715345593
0 11 0 -0.246209601633
0 11 1 -0.22717236164
0 11 2 -0.208135121648
0 11 3 -0.189097881656
0 11 4 -0.170060641664
0 11 5 -0.151023401671
0 11 6 -0.131986161679
0 11 7 -0.112948921687
0 11 8 -0.0939116816946
0 11 9 -0.0748744417024
0 11 10 -0.0558372017101
0 11 11 -0.0367999617179
0 11 12 -0.0177627217256
0 11 13 0.00127451826666
0 11 14 0.0203117582589
0 11 15 0.0393489982512
0 11 16 0.0583862382434
0 11 17 0.0774234782357
0 11 18 0.0964607182279
0 11 19 0.11549795822
0 12 0 -0.269426989005
0 12 1 -0.250389749013
0 12 2 -0.231352509021
0 12 3 -0.212315269028
0 12 4 -0.193278029036
0 12 5 -0.174240789044
0 12 6 -0.155203549052
0 12 7 -0.136166309059
0 12 8 -0.117129069067
0 12 9 -0.0980918290749
0 12 10 -0.0790545890826
0 12 11 -0.0600173490904
0 12 12 -0.0409801090981
0 12 13 -0.0219428691059
0 12 14 -0.00290562911361
0 12 15 0.0161316108786
0 12 16 0.0351688508709
0 12 17 0.0542060908632
0 12 18 0.0732433308554
0 12 19 0.0922805708477
0 13 0 -0.292644376378
0 13 1 -0.273607136385
0 13 2 -0.254569896393
0 13 3 -0.235532656401
0 13 4 -0.216495416409
0 13 5 -0.197458176416
0 13 6 -0.178420936424
0 13 7 -0.159383696432
0 13 8 -0.14034645644
0 13 9 -0.121309216447
0 13 10 -0.102271976455
0 13 11 -0.0832347364629
0 13 12 -0.0641974964706
0 13 13 -0.0451602564784
0 13 14 -0.0261230164861
0 13 15 -0.00708577649388
0 13 16 0.0119514634984
0 13 17 0.0309887034906
0 13 18 0.0500259434829
0 13 19 0.0690631834751
0 14 0 -0.31586176375
0 14 1 -0.296824523758
0 14 2 -0.277787283766
0 14 3 -0.258750043773
0 14 4 -0.239712803781
0 14 5 -0.220675563789
0 14 6 -0.201638323797
0 14 7 -0.182601083804
0 14 8 -0.163563843812
0 14 9 -0.14452660382
0 14 10 -0.125489363828
0 14 11 -0.106452123835
0 14 12 -0.0874148838432
0 14 13 -0.0683776438509
0 14 14 -0.0493404038587
0 14 15 -0.0303031638664
0 14 16 -0.0112659238742
0 14 17 0.0077713161181
0 14 18 0.0268085561104
0 14 19 0.0458457961026
0 15 0 -0.339079151123
0 15 1 -0.32004191113
0 15 2 -0.301004671138
0 15 3 -0.281967431146
0 15 4 -0.262930191154
0 15 5 -0.243892951161
0 15 6 -0.224855711169
0 15 7 -0.205818471177
0 15 8 -0.186781231185
0 15 9 -0.167743991192
0 15 10 -0.1487067512
0 15 11 -0.129669511208
0 15 12 -0.110632271216
0 15 13 -0.0915950312234
0 15 14 -0.0725577912312
0 15 15 -0.0535205512389
0 15 16 -0.0344833112467
0 15 17 -0.0154460712544
0 15 18 0.00359116873783
0 15 19 0.0226284087301
0 16 0 -0.362296538495
0 16 1 -0.343259298503
0 16 2 -0.324222058511
0 16 3 -0.305184818519
0 16 4 -0.286147578526
0 16 5 -0.267110338534
0 16 6 -0.248073098542
0 16 7 -0.229035858549
0 16 8 -0.209998618557
0 16 9 -0.190961378565
0 16 10 -0.171924138573
0 16 11 -0.15288689858
0 16 12 -0.133849658588
0 16 13 -0.114812418596
0 16 14 -0.0957751786037
0 16 15 -0.0767379386115
0 16 16 -0.0577006986192
0 16 17 -0.0386634586269
0 16 18 -0.0196262186347
0 16 19 -0.000588978642434
0 17 0 -0.385513925868
0 17 1 -0.366476685876
0 17 2 -0.347439445883
0 17 3 -0.328402205891
0 17 4 -0.309364965899
0 17 5 -0.290327725907
0 17 6 -0.271290485914
0 17 7 -0.252253245922
0 17 8 -0.23321600593
0 17 9 -0.214178765938
0 17 10 -0.195141525945
0 17 11 -0.176104285953
0 17 12 -0.157067045961
0 17 13 -0.138029805968
0 17 14 -0.118992565976
0 17 15 -0.099955325984
0 17 16 -0.0809180859917
0 17 17 -0.0618808459995
0 17 18 -0.0428436060072
0 17 19 -0.023806366015
0 18 0 -0.40873131324
0 18 1 -0.389694073248
0 18 2 -0.370656833256
0 18 3 -0.351619593264
0 18 4 -0.332582353271
0 18 5 -0.313545113279
0 18 6 -0.294507873287
0 18 7 -0.275470633295
0 18 8 -0.256433393302
0 18 9 -0.23739615331
0 18 10 -0.218358913318
0 18 11 -0.199321673326
0 18 12 -0.180284433333
0 18 13 -0.161247193341
0 18 14 -0.142209953349
0 18 15 -0.123172713356
0 18 16 -0.104135473364
0 18 17 -0.085098233372
0 18 18 -0.0660609933797
0 18 19 -0.0470237533875
0 19 0 -0.431948700613
0 19 1 -0.412911460621
0 19 2 -0.393874220628
0 19 3 -0.374836980636
0 19 4 -0.355799740644
0 19 5 -0.336762500652
0 19 6 -0.317725260659
0 19 7 -0.298688020667
0 19 8 -0.279650780675
0 19 9 -0.260613540683
0 19 10 -0.24157630069
0 19 11 -0.222539060698
0 19 12 -0.203501820706
0 19 13 -0.184464580714
0 19 14 -0.165427340721
0 19 15 -0.146390100729
0 19 16 -0.127352860737
0 19 17 -0.108315620745
0 19 18 -0.0892783807523
0 19 19 -0.07024114076
1 0 0 -0.267251806084
1 0 1 -0.248214566092
1 0 2 -0.2291773261
1 0 3 -0.210140086107
1 0 4 -0.191102846115
1 0 5 -0.172065606123
1 0 6 -0.153028366131
1 0 7 -0.133991126138
1 0 8 -0.114953886146
1 0 9 -0.0959166461538
1 0 10 -0.0768794061615
1 0 11 -0.0578421661692
1 0 12 -0.038804926177
1 0 13 -0.0197676861847
1 0 14 -0.00073044619248
1 0 15 0.0183067937998
1 0 16 0.037344033792
1 0 17 0.0563812737843
1 0 18 0.0754185137765
1 0 19 0.0944557537688
1 1 0 -0.290469193457
1 1 1 -0.271431953464
1 1 2 -0.252394713472
1 1 3 -0.23335747348
1 1 4 -0.214320233488
1 1 5 -0.195282993495
1 1 6 -0.176245753503
1 1 7 -0.157208513511
1 1 8 -0.138171273519
1 1 9 -0.119134033526
1 1 10 -0.100096793534
1 1 11 -0.0810595535418
1 1 12 -0.0620223135495
1 1 13 -0.0429850735573
1 1 14 -0.023947833565
1 1 15 -0.00491059357275
1 1 16 0.0141266464195
1 1 17 0.0331638864118
1 1 18 0.052201126404
1 1 19 0.0712383663963
1 2 0 -0.313686580829
1 2 1 -0.294649340837
1 2 2 -0.275612100845
1 2 3 -0.256574860852
1 2 4 -0.23753762086
1 2 5 -0.218500380868
1 2 6 -0.199463140876
1 2 7 -0.180425900883
1 2 8 -0.161388660891
1 2 9 -0.142351420899
1 2 10 -0.123314180907
1 2 11 -0.104276940914
1 2 12 -0.085239700922
1 2 13 -0.0662024609298
1 2 14 -0.0471652209375
1 2 15 -0.0281279809453
1 2 16 -0.00909074095302
1 2 17 0.00994649903924
1 2 18 0.0289837390315
1 2 19 0.0480209790237
1 3 0 -0.336903968202
1 3 1 -0.317866728209
1 3 2 -0.298829488217
1 3 3 -0.279792248225
1 3 4 -0.260755008233
1 3 5 -0.24171776824
1 3 6 -0.222680528248
1 3 7 -0.203643288256
1 3 8 -0.184606048264
1 3 9 -0.165568808271
1 3 10 -0.146531568279
1 3 11 -0.127494328287
1 3 12 -0.108457088295
1 3 13 -0.0894198483023
1 3 14 -0.0703826083101
1 3 15 -0.0513453683178
1 3 16 -0.0323081283255
1 3 17 -0.0132708883333
1 3 18 0.00576635165897
1 3 19 0.0248035916512
1 4 0 -0.360121355574
1 4 1 -0.341084115582
1 4 2 -0.32204687559
1 4 3 -0.303009635597
1 4 4 -0.283972395605
1 4 5 -0.264935155613
1 4 6 -0.245897915621
1 4 7 -0.226860675628
1 4 8 -0.207823435636
1 4 9 -0.188786195644
1 4 10 -0.169748955652
1 4 11 -0.150711715659
1 4 12 -0.131674475667
1 4 13 -0.112637235675
1 4 14 -0.0935999956826
1 4 15 -0.0745627556903
1 4 16 -0.0555255156981
1 4 17 -0.0364882757058
1 4 18 -0.0174510357136
1 4 19 0.0015862042787
1 5 0 -0.383338742947
1 5 1 -0.364301502954
1 5 2 -0.345264262962
1 5 3 -0.32622702297
1 5 4 -0.307189782978
1 5 5 -0.288152542985
1 5 6 -0.269115302993
1 5 7 -0.250078063001
1 5 8 -0.231040823009
1 5 9 -0.212003583016
1 5 10 -0.192966343024
1 5 11 -0.173929103032
1 5 12 -0.15489186304
1 5 13 -0.135854623047
1 5 14 -0.116817383055
1 5 15 -0.0977801430628
1 5 16 -0.0787429030706
1 5 17 -0.0597056630783
1 5 18 -0.0406684230861
1 5 19 -0.0216311830938
1 6 0 -0.406556130319
1 6 1 -0.387518890327
1 6 2 -0.368481650335
1 6 3 -0.349444410342
1 6 4 -0.33040717035
1 6 5 -0.311369930358
1 6 6 -0.292332690366
1 6 7 -0.273295450373
1 6 8 -0.254258210381
1 6 9 -0.235220970389
1 6 10 -0.216183730397
1 6 11 -0.197146490404
1 6 12 -0.178109250412
1 6 13 -0.15907201042
1 6 14 -0.140034770428
1 6 15 -0.120997530435
1 6 16 -0.101960290443
1 6 17 -0.0829230504509
1 6 18 -0.0638858104586
1 6 19 -0.0448485704663
1 7 0 -0.429773517692
1 7 1 -0.410736277699
1 7 2 -0.391699037707
1 7 3 -0.372661797715
1 7 4 -0.353624557723
1 7 5 -0.33458731773
1 7 6 -0.315550077738
1 7 7 -0.296512837746
1 7 8 -0.277475597754
1 7 9 -0.258438357761
1 7 10 -0.239401117769
1 7 11 -0.220363877777
1 7 12 -0.201326637785
1 7 13 -0.182289397792
1 7 14 -0.1632521578
1 7 15 -0.144214917808
1 7 16 -0.125177677816
1 7 17 -0.106140437823
1 7 18 -0.0871031978311
1 7 19 -0.0680659578389
1 8 0 -0.452990905064
1 8 1 -0.433953665072
1 8 2 -0.41491642508
1 8 3 -0.395879185087
1 8 4 -0.376841945095
1 8 5 -0.357804705103
1 8 6 -0.338767465111
1 8 7 -0.319730225118
1 8 8 -0.300692985126
1 8 9 -0.281655745134
1 8 10 -0.262618505142
1 8 11 -0.243581265149
1 8 12 -0.224544025157
1 8 13 -0.205506785165
1 8 14 -0.186469545173
1 8 15 -0.16743230518
1 8 16 -0.148395065188
1 8 17 -0.129357825196
1 8 18 -0.110320585204
1 8 19 -0.0912833452114
1 9 0 -0.476208292437
1 9 1 -0.457171052445
1 9 2 -0.438133812452
1 9 3 -0.41909657246
1 9 4 -0.400059332468
1 9 5 -0.381022092475
1 9 6 -0.361984852483
1 9 7 -0.342947612491
1 9 8 -0.323910372499
1 9 9 -0.304873132506
1 9 10 -0.285835892514
1 9 11 -0.266798652522
1 9 12 -0.24776141253
1 9 13 -0.228724172537
1 9 14 -0.209686932545
1 9 15 -0.190649692553
1 9 16 -0.171612452561
1 9 17 -0.152575212568
1 9 18 -0.133537972576
1 9 19 -0.114500732584
1 10 0 -0.499425679809
1 10 1 -0.480388439817
1 10 2 -0.461351199825
1 10 3 -0.442313959833
1 10 4 -0.42327671984
1 10 5 -0.404239479848
1 10 6 -0.385202239856
1 10 7 -0.366164999863
1 10 8 -0.347127759871
1 10 9 -0.328090519879
1 10 10 -0.309053279887
1 10 11 -0.290016039894
1 10 12 -0.270978799902
1 10 13 -0.25194155991
1 10 14 -0.232904319918
1 10 15 -0.213867079925
1 10 16 -0.194829839933
1 10 17 -0.175792599941
1 10 18 -0.156755359949
1 10 19 -0.137718119956
1 11 0 -0.522643067182
1 11 1 -0.50360582719
1 11 2 -0.484568587197
1 11 3 -0.465531347205
1 11 4 -0.446494107213
1 11 5 -0.427456867221
1 11 6 -0.408419627228
1 11 7 -0.389382387236
1 11 8 -0.370345147244
1 11 9 -0.351307907252
1 11 10 -0.332270667259
1 11 11 -0.313233427267
1 11 12 -0.294196187275
1 11 13 -0.275158947282
1 11 14 -0.25612170729
1 11 15 -0.237084467298
1 11 16 -0.218047227306
1 11 17 -0.199009987313
1 11 18 -0.179972747321
1 11 19 -0.160935507329
1 12 0 -0.545860454554
1 12 1 -0.526823214562
1 12 2 -0.50778597457
1 12 3 -0.488748734578
1 12 4 -0.469711494585
1 12 5 -0.450674254593
1 12 6 -0.431637014601
1 12 7 -0.412599774609
1 12 8 -0.393562534616
1 12 9 -0.374525294624
1 12 10 -0.355488054632
1 12 11 -0.33645081464
1 12 12 -0.317413574647
1 12 13 -0.298376334655
1 12 14 -0.279339094663
1 12 15 -0.260301854671
1 12 16 -0.241264614678
1 12 17 -0.222227374686
1 12 18 -0.203190134694
1 12 19 -0.184152894701
1 13 0 -0.569077841927
1 13 1 -0.550040601935
1 13 2 -0.531003361942
1 13 3 -0.51196612195
1 13 4 -0.492928881958
1 13 5 -0.473891641966
1 13 6 -0.454854401973
1 13 7 -0.435817161981
1 13 8 -0.416779921989
1 13 9 -0.397742681997
1 13 10 -0.378705442004
1 13 11 -0.359668202012
1 13 12 -0.34063096202
1 13 13 -0.321593722028
1 13 14 -0.302556482035
1 13 15 -0.283519242043
1 13 16 -0.264482002051
1 13 17 -0.245444762059
1 13 18 -0.226407522066
1 13 19 -0.207370282074
1 14 0 -0.592295229299
1 14 1 -0.573257989307
1 14 2 -0.554220749315
1 14 3 -0.535183509323
1 14 4 -0.51614626933
1 14 5 -0.497109029338
1 14 6 -0.478071789346
1 14 7 -0.459034549354
1 14 8 -0.439997309361
1 14 9 -0.420960069369
1 14 10 -0.401922829377
1 14 11 -0.382885589385
1 14 12 -0.363848349392
1 14 13 -0.3448111094
1 14 14 -0.325773869408
1 14 15 -0.306736629416
1 14 16 -0.287699389423
1 14 17 -0.268662149431
1 14 18 -0.249624909439
1 14 19 -0.230587669447
1 15 0 -0.615512616672
1 15 1 -0.59647537668
1 15 2 -0.577438136687
1 15 3 -0.558400896695
1 15 4 -0.539363656703
1 15 5 -0.520326416711
1 15 6 -0.501289176718
1 15 7 -0.482251936726
1 15 8 -0.463214696734
1 15 9 -0.444177456742
1 15 10 -0.425140216749
1 15 11 -0.406102976757
1 15 12 -0.387065736765
1 15 13 -0.368028496773
1 15 14 -0.34899125678
1 15 15 -0.329954016788
1 15 16 -0.310916776796
1 15 17 -0.291879536804
1 15 18 -0.272842296811
1 15 19 -0.253805056819
1 16 0 -0.638730004044
1 16 1 -0.619692764052
1 16 2 -0.60065552406
1 16 3 -0.581618284068
1 16 4 -0.562581044075
1 16 5 -0.543543804083
1 16 6 -0.524506564091
1 16 7 -0.505469324099
1 16 8 -0.486432084106
1 16 9 -0.467394844114
1 16 10 -0.448357604122
1 16 11 -0.42932036413
1 16 12 -0.410283124137
1 16 13 -0.391245884145
1 16 14 -0.372208644153
1 16 15 -0.353171404161
1 16 16 -0.334134164168
1 16 17 -0.315096924176
1 16 18 -0.296059684184
1 16 19 -0.277022444192
1 17 0 -0.661947391417
1 17 1 -0.642910151425
1 17 2 -0.623872911432
1 17 3 -0.60483567144
1 17 4 -0.585798431448
1 17 5 -0.566761191456
1 17 6 -0.547723951463
1 17 7 -0.528686711471
1 17 8 -0.509649471479
1 17 9 -0.490612231487
1 17 10 -0.471574991494
1 17 11 -0.452537751502
1 17 12 -0.43350051151
1 17 13 -0.414463271518
1 17 14 -0.395426031525
1 17 15 -0.376388791533
1 17 16 -0.357351551541
1 17 17 -0.338314311549
1 17 18 -0.319277071556
1 17 19 -0.300239831564
1 18 0 -0.685164778789
1 18 1 -0.666127538797
1 18 2 -0.647090298805
1 18 3 -0.628053058813
1 18 4 -0.60901581882
1 18 5 -0.589978578828
1 18 6 -0.570941338836
1 18 7 -0.551904098844
1 18 8 -0.532866858851
1 18 9 -0.513829618859
1 18 10 -0.494792378867
1 18 11 -0.475755138875
1 18 12 -0.456717898882
1 18 13 -0.43768065889
1 18 14 -0.418643418898
1 18 15 -0.399606178906
1 18 16 -0.380568938913
1 18 17 -0.361531698921
1 18 18 -0.342494458929
1 18 19 -0.323457218937
1 19 0 -0.708382166162
1 19 1 -0.68934492617
1 19 2 -0.670307686177
1 19 3 -0.651270446185
1 19 4 -0.632233206193
1 19 5 -0.613195966201
1 19 6 -0.594158726208
1 19 7 -0.575121486216
1 19 8 -0.556084246224
1 19 9 -0.537047006232
1 19 10 -0.518009766239
1 19 11 -0.498972526247
1 19 12 -0.479935286255
1 19 13 -0.460898046263
1 19 14 -0.44186080627
1 19 15 -0.422823566278
1 19 16 -0.403786326286
1 19 17 -0.384749086294
1 19 18 -0.365711846301
1 19 19 -0.346674606309
